         1          1 01         17        343  0
         1          2 01         17        358  1
         1          3 01         17        352  2
         1          4 01         17        375  3
         1          5 01         17        355  4
         1          6 01         17        354  5
         1          7 01         17        354  6
         1          8 01         17        354  7
         1          9 01         17        354  8
         1         10 01         17        354  9
         1         11 01         17        354  10
         1         12 01         17        354  11
         1         13 01         17        354  12
         1         14 01         17        352  13
         1         15 01         17        354  14
         1         16 01         17        353  15
         1          1 01         17        351  0
         1          2 01         17        354  1
         1          3 01         17        354  2
         1          4 01         17        353  3
         1          5 01         17        354  4
         1          6 01         17        354  5
         1          7 01         17        354  6
         1          8 01         17        354  7
         1          9 01         17        354  8
         1         10 01         17        354  9
         1         11 01         17        354  10
         1         12 01         17        353  11
         1         13 01         17        354  12
         1         14 01         17        354  13
         1         15 01         17        354  14
         1         16 01         17        354  15
